0.570000  0.485771
0.570533  0.471669
0.571067  0.468490
0.571600  0.463940
0.572133  0.482847
0.572667  0.356959
0.573200  0.339499
0.573733  0.384062
0.574267  0.310050
0.574800  0.422556
0.575333  0.300763
0.575867  0.509501
0.576400  0.590782
0.576933  0.397985
0.577467  0.615276
0.578000  0.795890
0.578533  0.581895
0.579067  0.744651
0.579600  0.668819
0.580133  0.649357
0.580667  0.965347
0.581200  0.784106
0.581733  0.818685
0.582267  0.788640
0.582800  0.683302
0.583333  0.778075
0.583867  0.645826
0.584400  0.717275
0.584933  0.852529
0.585467  0.952565
