0.570000  9.751953
0.570533  9.182129
0.571067  9.408691
0.571600  9.419434
0.572133  6.862305
0.572667  7.177246
0.573200  5.727051
0.573733  6.941406
0.574267  5.161133
0.574800  2.300293
0.575333  0.347656
0.575867  0.464844
0.576400  0.429199
0.576933  0.514160
0.577467  0.211914
0.578000  0.385254
0.578533  0.150391
0.579067  0.244629
0.579600  0.307617
0.580133  0.387695
0.580667  0.260742
0.581200  0.136230
0.581733  0.125977
0.582267  0.135254
0.582800  0.185059
0.583333  0.119141
0.583867  0.208496
0.584400  0.211426
0.584933  0.118652
0.585467  0.162598
